kinematics:
  shoulder:
    x: 0
    y: 0
    z: 0.1627717015230962
    roll: -0
    pitch: 0
    yaw: 5.749153469437884e-08
  upper_arm:
    x: 0.0002082014622121911
    y: 0
    z: 0
    roll: 1.570566763318053
    pitch: 0
    yaw: -3.790838725592494e-06
  forearm:
    x: -0.4253604476683271
    y: 0
    z: 0
    roll: 0.0003969092324593566
    pitch: -0.000708101017021404
    yaw: 2.521903341134918e-05
  wrist_1:
    x: -0.3930825655300423
    y: -0.0008808648778119846
    z: 0.1327234566314359
    roll: 0.00663674656427186
    pitch: -0.002936164699445887
    yaw: -7.00956862922816e-06
  wrist_2:
    x: 1.733945114299003e-06
    y: -0.09974851592332998
    z: 1.002404374540903e-05
    roll: 1.570695833633481
    pitch: 0
    yaw: -7.469778248985621e-08
  wrist_3:
    x: 8.339938282324381e-05
    y: 0.09960527778835232
    z: 0.0001565492161896688
    roll: 1.572368021495838
    pitch: 3.141592653589793
    yaw: 3.141592038825443
  hash: calib_13346335771563845229